runName    ./Run
timegate   500
cs-tac     0
pair-tac   0
reftype    1
flagtype   0
ref_unit   10 ms
run_unit   10 s
Format     list
Fold       2


|Index	|Type	|Mod	|Chan	|Delay	|Link	|Start	|Stop





1	1	1	9	0	0	0	0

1	2	3	11	2	0	0	0

1	3	1	1	0	2	0	0
2	3	1	2	0	2	0	0
3	3	1	3	0	2	0	0
4	3	1	4	0	2	0	0
5	3	1	5	0	2	0	0
6	3	1	6	0	2	0	0
7	3	1	7	0	2	0	0
8	3	1	8	0	2	0	0
9	3	2	1	0	2	0	0
10	3	2	2	0	2	0	0
11	3	2	3	0	2	0	0
12	3	2	4	0	2	0	0
13	3	2	5	0	2	0	0
14	3	2	6	0	2	0	0
15	3	2	7	0	2	0	0
16	3	2	8	0	2	0	0

1	4	3	13	6	0	0	0
1	5	3	1	-378	0	0	0





---- (proton)-(beta_energy)-(labr1_energy)-(fastTAC_beta_Labr1)-(Labr2_energy)-(fastTAC_labr1_labr2) 




1	1	1	9	0	0	0	0

1	2	3	11	2	0	0	0

1	3	3	13	6	0	0	0
1	4	3	1	-378	0	0	0

2	5	3	12	6	0	0	0
2	6	3	3	-46	0	0	0










---- (proton)-(beta_energy)-(ge_energy)-[slowTAC(beta-Ge)]-(labr_energy)-(ftac(beta-labr))




1	1	1	9	0	0	0	0

1	2	3	11	2	0	0	0

1	3	1	1	0	2	0	0
2	3	1	2	0	2	0	0
3	3	1	3	0	2	0	0
4	3	1	4	0	2	0	0
5	3	1	5	0	2	0	0
6	3	1	6	0	2	0	0
7	3	1	7	0	2	0	0
8	3	1	8	0	2	0	0
9	3	2	1	0	2	0	0
10	3	2	2	0	2	0	0
11	3	2	3	0	2	0	0
12	3	2	4	0	2	0	0
13	3	2	5	0	2	0	0
14	3	2	6	0	2	0	0
15	3	2	7	0	2	0	0
16	3	2	8	0	2	0	0

1	4	3	13	6	0	0	0
1	5	3	1	-378	0	0	0




----- LaBr 5

1	1	1	9	0	0	0	0
1	2	3	11	2	0	0	0

2	3	3	12	6	0	0	0
2	4	3	2	-42	0	0	0




---- LaBr 1

1	1	1	9	0	0	0	0
1	2	3	11	2	0	0	0

1	3	3	13	6	0	0	0
1	4	3	1	-378	0	0	0





---
Correlations
3	13	3	1
3	12	3	2


-----
Correlations
1	1	1	2
1	1	1	5
1	1	2	1
1	1	2	5
1	1	3	11
1	1	3	12
1	1	3	13


